00000000000000000000000010001101
00000000000000000000000010011010
00000000000000000000000010011100
00000000000000000000000010010111
00000000000000000000000010001010
00000000000000000000000001111110
00000000000000000000000001101011
00000000000000000000000001011000
00000000000000000000000001001011
00000000000000000000000001000101
00000000000000000000000000111001
00000000000000000000000000101101
00000000000000000000000000011110
00000000000000000000000000010010
00000000000000000000000000010000
00000000000000000000000000010010
00000000000000000000000000001001
00000000000000000000000000000101
11111111111111111111111111111010
00000000000000000000000000000001
00000000000000000000000000001111
00000000000000000000000000011011
00000000000000000000000000011100
00000000000000000000000000011010
00000000000000000000000000011111
00000000000000000000000000011000
00000000000000000000000000100110
00000000000000000000000000101100
00000000000000000000000000011111
00000000000000000000000000011011
00000000000000000000000000001110
00000000000000000000000000001100
00000000000000000000000000000101
11111111111111111111111111110110
11111111111111111111111111100111
11111111111111111111111111010110
11111111111111111111111111000111
11111111111111111111111110111011
11111111111111111111111110101101
11111111111111111111111110100001
11111111111111111111111110010010
11111111111111111111111110001110
11111111111111111111111110000001
11111111111111111111111101110010
11111111111111111111111101101110
11111111111111111111111101100001
11111111111111111111111101100010
11111111111111111111111101101001
11111111111111111111111101110100
11111111111111111111111110000111
11111111111111111111111110100000
11111111111111111111111110111001
11111111111111111111111111010100
11111111111111111111111111110111
00000000000000000000000000100000
00000000000000000000000000111110
00000000000000000000000001100001
00000000000000000000000010000011
00000000000000000000000010011011
00000000000000000000000010110011
00000000000000000000000011000001
00000000000000000000000011010000
00000000000000000000000011011001
00000000000000000000000011011111
00000000000000000000000011010111
00000000000000000000000011001101
00000000000000000000000010111001
00000000000000000000000010101011
00000000000000000000000010011100
00000000000000000000000001111001
00000000000000000000000001011001
00000000000000000000000000110100
00000000000000000000000000010011
11111111111111111111111111101100
11111111111111111111111111010001
11111111111111111111111110101001
11111111111111111111111110001101
11111111111111111111111101111010
11111111111111111111111101011010
11111111111111111111111101000101
11111111111111111111111100110001
11111111111111111111111100100011
11111111111111111111111100100011
11111111111111111111111100011010
11111111111111111111111100011110
11111111111111111111111100101001
11111111111111111111111100111000
11111111111111111111111101000111
11111111111111111111111101101010
11111111111111111111111110000100
11111111111111111111111110011011
11111111111111111111111111001100
11111111111111111111111111101100
